602.286686 90.962054
602.172567 91.032722
602.829731 90.919279
602.542393 90.940604
603.135645 90.986083
602.511612 90.917854
603.516530 91.010448
602.645156 91.092515
601.879003 90.933670
602.810356 90.954204
603.391406 90.986585
603.167088 91.021417
602.000337 91.071307
603.080632 91.013889
603.012712 90.950851
601.713361 91.078739
603.214576 90.970101
602.937392 90.915807
496.665374 78.382651
601.968138 91.030171
602.424474 90.913501
602.569381 90.923830
602.247649 91.013740
602.410274 90.933021
603.290862 91.031475
601.703985 91.030078
602.370623 90.930278
601.697572 90.979915
603.471463 91.103325
602.452153 90.997119
601.764406 90.961327
421.072679 80.244216
603.168547 90.918149
602.607928 91.104494
602.295707 91.006605
603.570275 90.932541
603.027931 91.064608
603.460438 91.048364
603.231471 90.980149
603.556015 91.055462
603.124695 90.934535
602.799675 90.959365
602.481743 90.953895
603.460474 90.914835
601.991142 91.100419
493.946780 77.022575
602.427925 91.064488
602.528566 90.989917
602.488578 91.020862
603.617489 91.007785
602.872875 91.088939
602.768584 91.020371
602.586055 90.949467
602.286636 90.936101
603.583951 91.066612
602.769052 90.918841
602.108245 91.020173
486.829513 82.067054
602.206525 91.009189
425.619227 97.829854
603.350955 90.960209
602.951634 90.922184
603.653991 90.944737
602.435154 91.002799
399.693446 77.626154
603.499359 90.935033
603.659611 91.051688
603.328506 90.925289
603.551975 90.994329
602.414033 90.980294
601.959092 91.099358
602.054625 91.004764
602.299635 91.068067
602.601776 90.970044
601.775467 91.021640
407.377129 104.652577
602.429435 90.951312
602.305953 91.041486
601.794702 91.006510
601.780710 91.095829
603.274272 90.955542
601.859960 90.954038
603.097267 91.080179
601.992515 90.953577
603.146673 91.064986
603.046289 90.944636
602.043971 90.996411
602.544676 91.053344
369.804676 98.830201
602.805158 91.021305
602.757011 91.054740
602.337585 90.929815
601.871284 90.961109
603.167313 90.972620
603.424674 91.085848
603.306530 91.081402
602.518248 91.095876
602.043683 90.965967
601.836620 91.012020
602.378570 90.932523
602.611285 91.054107
601.736421 91.103263
603.035847 90.915945
602.958270 91.048718
603.446511 90.927395
603.417379 91.044124
601.893376 91.010618
602.457759 90.993921
393.024093 100.352059
602.632570 91.104133
602.034051 91.042551
601.994914 91.061334
453.415265 83.155659
482.756225 96.181552
603.647100 90.974252
602.491079 91.087742
602.095845 90.986978
603.547909 91.096692
603.416321 90.952770
603.503539 91.062974
603.201040 91.089584
601.971630 90.970908
368.034288 104.493901
602.655795 91.045270
602.364783 91.087035
603.392701 91.106595
601.759752 90.916473
603.440615 91.017066
498.479815 82.914776
602.179262 90.998924
602.832751 91.057109
602.180864 90.930873
602.231448 91.029182
601.811704 91.059463
602.622009 90.919597
603.152841 91.060531
601.832990 91.096832
603.089535 90.992231
603.281737 90.983371
602.091595 91.010208
602.386711 90.951357
603.221588 90.990380
496.001706 95.635379
602.012654 90.926390
602.691880 91.055026
602.383296 90.927088
602.668657 90.915710
603.293778 91.088311
603.093627 91.031264
602.846824 91.048253
374.937730 84.477914
602.884158 91.051512
603.075342 91.089436
602.500680 91.054003
603.377892 91.110416
603.121145 91.000386
601.946531 91.102097
601.878892 91.084353
602.020878 90.950454
601.852576 91.083087
602.678871 91.029556
603.341191 90.995511
602.475900 91.067659
602.648471 90.912711
602.708505 90.971573
602.865492 91.103593
603.102673 90.950260
602.995332 91.093885
602.666123 91.037181
468.993755 76.679453
602.079294 90.947166
603.309393 91.085809
602.046343 90.982969
603.656096 90.931357
602.657586 91.001644
602.475451 90.958461
601.977642 91.033974
603.519037 90.963773
603.024357 90.942598
602.944889 90.944905
603.335298 91.084644
601.928569 91.101732
602.314896 90.963793
602.813991 91.034580
601.729021 91.030749
443.279465 81.407220
603.036267 91.047736
401.251551 99.605475
603.066978 91.028774
602.272314 91.081821
601.945692 91.093917
602.764860 91.104470
602.181935 90.970540
603.259311 90.974567
602.573750 90.940412
602.571205 90.930193
602.849300 91.038922
602.710361 91.059356
601.829997 91.017197
603.180320 91.024304
427.028126 95.971832
603.324656 90.939298
602.519933 91.035832
603.244947 91.066749
602.643871 91.023864
602.205728 91.096458
601.993669 90.974572
603.415033 90.938868
603.288667 90.989080
602.602246 91.078083
438.472623 78.886699
602.158761 91.026334
436.359042 99.997260
603.340025 90.964826
602.619754 91.059935
601.854222 90.958909
601.914274 91.096788
603.321279 90.963134
602.294906 90.955149
602.684529 91.025449
602.465861 90.939394
372.358562 77.433302
603.090705 90.969754
602.925114 90.997011
601.912614 90.941958
601.890739 90.922747
602.057465 91.110276
603.682154 91.093054
603.166881 91.105988
602.840166 91.042335
602.605628 90.925314
603.091337 91.042931
601.969375 91.042452
603.412095 91.008988
601.975023 91.033685
602.296954 90.984967
602.787559 91.015824
394.033339 81.249084
603.128678 91.021147
602.513193 90.935021
602.750135 91.023064
602.195966 91.016966
601.966681 91.017246
602.692127 91.013062
603.229398 91.093438
603.553569 90.932870
603.222000 90.938229
602.264866 90.935985
601.812332 91.082610
602.900535 90.914435
602.398748 90.931266
602.723875 91.107729
602.442575 91.064329
602.633468 90.965550
476.266487 104.601400
602.821466 91.061713
602.830415 91.108513
602.470693 90.918953
603.497443 91.103430
601.915865 91.061160
603.670506 90.947564
603.407337 90.934575
603.497582 91.040036
602.501495 90.993512
602.352972 90.980943
602.821598 91.082596
602.184477 91.062191
602.387417 90.939073
603.519595 90.916130
603.625416 90.943467
602.016909 91.100577
602.596563 90.921914
603.045390 90.949255
366.904924 99.808041
602.089966 91.100635
484.665684 77.286966
602.709025 90.915978
389.368620 96.336039
603.090407 91.059326
601.915208 91.021188
602.056361 91.090881
601.969149 91.105022
601.890023 90.930561
602.640124 91.086508
603.332748 90.969327
602.025616 91.103581
602.172658 90.919126
603.002595 90.982899
603.002324 91.067254
602.115934 90.965930
407.741464 101.529157
602.846324 91.092134
603.640281 91.012319
603.131802 91.042597
603.113636 91.076367
602.889809 90.971018
603.280983 90.977283
602.802204 91.023889
395.002787 75.810735
602.455493 91.056746
602.568980 90.921591
602.259392 90.974704
601.769575 90.955481
602.472882 90.920948
603.569052 91.056806
601.714976 90.956107
602.737627 90.974368
602.854466 91.034518
416.374543 75.547180
603.629000 91.016084
603.021590 90.915379
602.577449 90.941287
602.872209 91.018144
482.360419 81.582351
602.640440 90.925461
602.210292 90.997062
601.750780 90.945648
601.769117 90.981279
602.929189 91.015233
601.864556 91.107577
603.374948 91.016234
602.602352 91.098610
602.372275 90.932621
603.469070 91.022993
603.127876 90.913499
602.470818 91.059798
603.423106 91.001547
602.032728 90.943147
602.021638 91.069805
401.420555 99.530212
439.862175 101.494175
601.888784 91.066975
603.534378 91.015705
602.018281 91.016669
602.860796 91.009999
603.437456 91.084091
601.947385 90.989958
423.994888 103.878026
603.572117 91.018997
364.754293 102.640709
602.885896 91.005152
601.899864 90.954876
603.549600 91.054791
602.929596 90.937614
602.848415 91.062573
602.493027 91.014667
601.891241 90.923606
602.052562 90.968766
602.201895 90.930606
603.557856 91.043366
603.679666 90.944929
602.673465 91.037316
603.235056 91.003582
603.109366 91.096874
603.518394 91.096880
602.868703 91.085872
602.802303 90.930760
602.981058 91.086512
602.550114 90.935541
368.798719 78.237699
603.403656 91.095229
602.207283 91.019243
602.351837 90.970699
602.545621 90.984809
601.932808 90.978078
601.937508 91.017045
603.405664 91.096921
479.518774 83.665250
602.346008 90.980064
602.626238 90.967527
602.678714 91.012948
602.692659 90.923353
602.909772 91.087119
603.207489 90.973566
602.009828 90.916519
603.257996 90.958479
602.520130 91.029958
602.668255 91.011419
602.385599 90.961807
603.084429 91.092626
602.036405 91.032631
380.387747 102.511573
603.469613 90.929516
601.935634 90.910590
601.959826 91.103173
602.598971 90.911025
602.666319 90.935846
603.547893 90.913040
601.842909 90.997696
602.825412 91.042979
350.034660 82.261657
602.940215 90.926011
602.595376 91.015771
602.695261 91.048754
601.786661 90.914149
602.661209 90.912030
602.776648 91.025340
603.261906 91.071898
602.022827 90.965221
602.628844 90.944732
602.664587 91.000156
603.261766 90.992984
603.402809 91.100103
602.321720 90.988836
603.249024 91.029292
602.428520 90.999487
603.433178 91.076708
603.686337 91.026916
440.187672 82.157069
602.354659 91.106964
603.448985 90.920123
601.736628 91.104365
602.700572 90.938004
603.202583 90.943694
602.061153 90.984753
603.683859 91.034603
601.879524 90.974478
485.563858 100.052925
603.201797 90.996265
601.724878 90.940612
603.121447 90.974057
602.972087 90.913163
603.520363 91.060487
602.065642 91.093663
602.625828 90.950423
602.210689 91.082215
602.812547 91.040472
602.731341 90.993067
603.396724 90.929482
602.407947 91.077960
457.889589 79.250675
413.379708 84.773720
602.755897 91.058484
488.593450 98.667965
603.049733 90.928388
601.917896 90.951630
601.836716 91.074780
602.653253 90.985147
601.861971 90.977754
602.909950 90.962547
602.053066 90.990479
372.706050 81.491979
603.581140 91.005143
603.450629 91.034519
602.062671 91.061729
601.919490 90.968019
602.932039 91.060764
603.182628 90.957099
467.604177 80.352020
602.447779 90.961211
601.733824 91.033765
482.958721 103.351596
602.076144 91.018324
603.506412 90.997694
603.313570 91.004210
602.978269 91.047591
602.234853 91.007393
602.107046 91.069650
602.332124 91.100051
602.085991 90.974834
601.796318 91.092236
601.871459 91.008557
602.458529 91.047334
603.533361 90.940425
603.399282 91.036451
497.587546 97.501530
602.653647 90.912446
603.235267 91.030947
602.295198 91.097620
602.193013 91.026468
602.065701 91.034627
603.050200 90.913338
602.251974 91.027911
603.491075 90.963636
602.413723 91.095780
603.447319 90.914229
602.694737 91.106065
603.580673 91.082373
459.236363 76.501717
602.566622 91.011657
603.552765 90.931019
603.111205 91.056739
368.621568 83.470472
602.951714 90.979426
601.811935 90.986463
603.122656 91.069512
602.810068 91.105098
601.935967 90.988530
603.281151 91.006565
603.580687 90.938111
602.802466 91.000946
602.554614 90.974469
602.945579 91.094902
602.775634 91.100979
602.211822 91.102948
601.779847 90.962074
601.813437 91.007875
603.206526 91.058555
602.170387 90.911879
602.974924 90.959976
603.468239 90.991139
602.827145 90.964404
603.165983 91.091587
602.786409 90.982533
603.424258 91.019984
602.383936 90.945148
603.072182 91.030075
601.919873 90.970432
603.204591 90.958582
603.106484 91.055060
603.676120 91.035606
602.814470 91.049688
603.106615 91.062045
601.814968 90.938510
602.893879 91.014664
602.558344 91.012624
603.148712 90.912600
603.320984 90.938217
603.623071 91.044156
602.190842 90.981675
603.349860 90.920107
602.601795 91.060265
602.531191 90.927453
601.897143 91.014047
602.802856 91.048197
603.577708 90.959790
603.424441 91.039364
602.896594 90.933444
603.645857 90.941732
603.112194 91.060479
602.711576 90.964741
603.283104 91.067293
601.735667 90.991901
603.079529 90.917007
601.896396 91.072543
603.684737 90.968195
601.952882 91.086886
603.610290 90.990909
602.479709 91.007262
603.673321 90.972761
601.796295 90.935841
603.461783 91.039634
603.204462 90.998481
602.462881 91.050386
602.092052 90.951420
602.126151 91.040328
603.579741 90.968807
601.702479 91.078053
603.461203 90.927973
602.725022 90.940187
602.068508 91.073196
603.193936 91.099710
602.470413 90.955102
602.666208 91.104998
601.707565 91.010360
603.024341 91.075771
602.437063 90.995521
602.186365 91.079844
602.974761 91.081758
601.987120 91.042974
603.137943 91.109346
602.084512 91.011066
602.612650 90.936366
602.242649 90.976931
603.330680 91.000449
601.768586 90.991344
602.071194 90.913642
601.916487 91.067781
603.619076 91.020323
603.660747 91.015806
601.785942 91.060758
602.915490 91.024261
602.026563 90.945619
602.782338 91.034436
601.836599 90.962379
602.213070 90.921165
602.668136 90.952172
602.783989 90.940708
602.907474 90.962873
601.735459 91.005888
602.828505 91.069116
603.041533 91.088374
602.937916 91.044567
603.004125 90.947124
602.624965 91.006324
602.139716 91.086495
602.437435 91.041218
603.019097 90.995625
601.960460 91.070835
602.343434 90.930182
603.290021 91.050891
602.695295 90.932567
602.685507 91.055149
602.620419 90.995698
602.862727 91.107595
602.282806 91.009199
602.925804 91.097562
602.971176 91.063698
603.281328 90.947792
602.901467 91.099833
602.938233 90.955549
603.357740 90.928104
603.049924 91.044592
603.279864 90.957105
603.548389 90.920541
603.371916 91.053259
602.314077 91.082318
602.664162 90.966283
601.830645 90.964127
602.188640 91.029084
603.209352 91.006378
603.250181 90.942070
602.362470 90.947301
602.100580 91.016727
603.069286 90.973032
601.714631 90.956561
602.029174 90.969331
602.497663 90.959973
602.694891 90.937522
603.552280 90.916839
603.490823 91.001153
602.882396 91.089140
602.240003 90.987812
602.122399 90.997224
602.065697 90.995193
601.800277 90.936258
602.673131 90.952783
602.742274 90.944788
603.043373 90.915319
603.131914 91.095982
602.185888 90.944310
601.843660 91.045143
602.080197 91.002898
602.761746 90.946398
601.784523 91.095293
602.270994 91.063563
602.890545 91.056923
602.023309 90.911473
602.388834 90.969757
601.823729 90.973018
602.551628 91.034379
602.419177 91.037902
602.873097 91.036808
602.751538 91.009865
601.867264 91.069262
603.011128 90.995723
602.714471 91.058104
602.529149 90.934883
603.566435 91.022373
603.519820 90.997901
602.609715 90.956936
603.222155 90.993076
602.770388 90.938352
602.366664 91.039772
602.993963 91.059804
601.783279 91.050908
603.371524 91.038289
602.205078 90.969368
602.286551 91.109303
602.939644 90.930249
603.051646 90.991131
603.092745 91.085545
602.911624 90.947010
601.725984 90.938150
603.520694 91.043006
603.216077 91.046987
601.719439 91.000898
602.189833 90.942178
603.354556 90.929929
603.478087 90.961529
602.229592 90.967054
603.421472 91.021390
602.670761 91.004450
601.968902 90.975003
602.076659 91.004299
601.776544 91.097213
602.605300 91.054216
602.726535 90.973575
603.271819 90.988916
603.035983 90.934379
603.421546 91.090066
601.770102 91.079968
603.383260 91.079438
603.509197 91.019663
602.350544 90.944288
602.107865 90.968006
602.743141 90.968830
601.772217 91.009393
603.078229 90.952586
603.215562 91.063687
602.758937 90.986671
602.457677 91.086023
603.440749 91.053656
602.216870 91.028286
602.030372 90.923525
602.890202 91.100106
602.545963 90.961014
603.047849 91.011961
603.245030 90.922693
602.723725 91.002549
603.246221 91.091359
603.568005 90.946646
602.145379 91.071409
601.898099 90.973688
602.374643 90.912472
603.620952 91.025697
602.708368 90.993847
603.521796 90.978517
603.583725 90.999182
602.264285 91.012966
602.453134 91.067793
602.397018 91.034420
603.480910 91.035046
603.162614 91.062291
602.442488 91.005962
602.861860 91.066990
601.971228 90.938346
603.120458 90.987469
602.129357 90.919579
601.849129 91.033585
603.363050 90.951198
603.460701 91.078783
602.976679 90.940996
602.522773 90.993313
601.836660 90.995532
603.668381 90.948673
602.470719 91.014565
603.151455 91.058929
602.726317 91.065080
603.591131 91.076700
603.171443 91.070966
602.476950 90.945807
602.067106 90.950101
602.272109 90.938672
602.126167 91.069789
601.701649 91.091823
602.387099 91.067513
603.200589 91.042610
603.292611 91.009181
601.786820 91.031627
602.519406 90.989241
602.259050 91.030241
601.970954 90.926451
602.186658 91.053430
602.094704 91.081995
602.679235 90.988410
602.280742 91.033880
602.230969 90.933091
603.576639 91.082905
601.962206 91.026199
602.865707 90.918720
602.187845 90.914349
603.221304 91.091303
602.919171 91.010494
602.547824 90.915222
602.702625 91.030371
601.698355 91.058348
602.357686 90.917697
602.346034 91.050713
602.626083 91.110255
601.920758 91.029671
603.085925 90.920432
602.767039 91.053019
603.519082 90.994112
603.382198 91.095929
602.527206 91.053145
602.964496 90.965583
601.971712 91.040965
601.764844 90.919834
603.276261 90.956899
602.457272 90.926764
602.483261 90.970120
602.200986 91.033528
603.185328 91.103196
602.744090 90.981534
603.130396 91.006976
603.197002 91.051046
602.387388 90.932269
601.966123 91.068565
602.890148 90.932971
603.175280 90.917188
602.450021 91.077479
602.035938 90.979409
602.595431 91.060282
603.608023 91.063873
602.966110 90.983857
601.716140 91.069117
602.174168 90.933282
602.743876 91.078765
602.066494 91.015246
603.455761 90.935404
602.417963 91.091092
601.871457 91.103545
603.608836 90.912834
602.315973 91.035210
602.679687 90.957849
603.590586 90.965363
602.285680 91.018770
602.523746 91.042730
603.347085 91.030709
601.848781 91.065339
602.966322 91.045636
603.521171 91.008015
602.022606 90.929625
602.241144 91.033949
603.092302 90.972206
601.927422 90.925638
603.525830 91.014013
603.431806 91.059966
601.920413 91.071293
603.445628 91.001809
603.059094 91.034140
602.105257 90.942712
602.327863 91.027164
602.402556 91.067732
602.453794 90.975510
602.486289 91.041286
602.959533 91.076252
602.097613 91.012015
602.979090 90.955536
603.214726 90.941581
602.055282 90.941302
602.947962 91.033902
601.965666 91.017766
602.547239 90.971487
601.766501 91.001285
602.415183 90.996370
601.834111 90.937795
603.348657 91.074808
603.201327 90.960192
603.290067 90.913960
602.269058 91.075461
601.971741 90.928666
601.765010 90.996428
602.562577 91.075216
602.660978 91.000854
603.357781 91.011769
602.618101 91.070787
602.441998 91.105285
603.050754 91.003948
603.034788 90.990110
602.964470 91.083564
601.860709 90.982436
602.370787 90.975482
602.199220 90.942113
602.655021 91.080174
602.927007 90.946344
603.345607 91.044553
601.755392 90.949290
603.243960 90.910593
603.560858 91.025451
602.879659 91.030489
603.464490 91.025686
602.461244 90.912936
603.248534 91.039732
603.155852 91.052248
603.311557 91.105976
602.789527 91.061820
601.950883 91.004826
601.860065 90.915762
602.517484 91.086753
601.835271 90.991836
601.921105 91.025653
602.473821 91.096395
601.838791 90.982132
603.479336 90.970503
602.896727 91.093567
603.259378 91.060788
603.235029 90.969947
602.180031 91.001091
602.581369 90.984433
601.717422 90.983692
602.487424 90.928711
602.546662 91.043464
601.774057 91.022563
602.485251 90.966496
602.330779 91.067996
603.525089 91.055652
601.953299 90.998677
602.759080 91.024488
602.140364 90.979764
602.372877 91.078344
602.823582 91.009531
602.937671 91.014474
603.003493 90.955119
602.920448 90.968237
602.726469 90.964712
601.813217 91.007097
601.882198 91.066910
601.941897 91.094009
602.757529 91.106162
602.071775 91.074706
603.357551 91.074227
602.305463 91.067795
603.092126 90.956881
602.686036 90.928655
603.572630 91.023198
602.543826 90.997535
602.040703 91.085328
603.088102 91.110124
601.786121 90.957288
602.185727 91.082775
602.989697 91.080280
602.694894 90.948818
602.422598 90.972868
602.409195 90.964684
601.968644 90.985157
603.327153 90.995887
603.361203 90.929338
603.533650 91.042841
602.527101 91.015501
602.077695 91.004392
603.233715 90.968651
603.391071 90.978925
602.420371 91.064687
603.323880 91.077278
603.389122 91.069999
601.778418 91.107366
601.773307 91.105410
601.746114 91.051029
602.638190 90.938080
601.895526 91.072746
602.366897 90.922302
601.736921 91.088961
603.330537 90.961238
603.589399 91.096291
602.710085 90.940569
601.694253 91.109670
602.603121 90.938278
601.870058 90.941478
601.930590 90.961312
603.453357 91.008744
603.350672 90.944326
601.832314 91.076651
601.920861 91.032975
602.923197 91.056257
601.952569 90.962248
602.792590 90.968620
601.799673 91.075724
603.199143 90.982362
602.071111 90.939874
602.892100 91.087449
603.527774 91.038455
602.030525 91.067626
602.106255 90.979610
603.636043 90.953393
601.843210 91.012085
602.020312 91.084277
602.168769 90.925401
602.022921 91.058668
603.262292 91.006085
602.893621 91.014726
601.700528 90.989652
601.798518 91.012460
602.812443 90.956017
602.200203 91.021967
603.582336 91.092984
602.092364 90.979432
603.623665 90.999135
602.248733 91.088466
603.255041 90.948344
603.411012 90.934168
601.841224 91.107997
602.934017 91.076986
602.607890 91.090216
603.609800 90.923902
601.745152 91.038362
602.399925 91.096959
603.272512 91.102627
602.749617 91.080529
601.705722 91.025136
601.777591 90.965699
602.526552 91.002496
602.277453 91.109542
602.123304 90.925176
603.671744 90.945622
602.153664 90.911121
603.233030 90.926640
602.404337 91.089484
603.152014 90.957779
602.077315 91.089697
602.748818 91.066736
601.842920 91.046484
601.973248 91.058579
601.932210 91.072895
602.169948 91.104210
602.403657 90.997174
602.935517 91.068038
602.104022 91.081459
602.710051 91.107979
603.315112 91.013502
602.011884 91.082337
602.223902 90.972335
603.619350 91.012777
601.745555 91.088058
602.201908 90.982840
602.499970 91.010824
602.552630 91.025247
603.535857 91.052431
602.565666 90.983881
