600.141291 89.729859
599.720761 89.871121
600.985254 89.781081
600.632699 89.806821
601.261787 89.722632
600.584166 89.740042
600.287338 89.864608
600.774498 89.681811
599.526539 89.799294
600.154149 89.762393
599.728368 89.683360
601.238478 89.697295
600.264595 89.836029
600.946584 89.733747
600.195967 89.757640
599.452501 89.758551
601.189889 89.841579
601.185302 89.845650
600.046360 89.746929
600.644619 89.842325
600.610452 89.714904
600.589902 89.723876
600.799069 89.746898
599.619255 89.832971
600.428777 89.852302
601.124750 89.862099
601.230895 89.749509
600.566822 89.747182
599.676376 89.722185
599.437169 89.718592
599.518323 89.727069
600.882250 89.731050
600.002465 89.720236
599.895056 89.811223
600.368628 89.720286
600.243859 89.684130
601.046345 89.693453
599.885051 89.817665
600.134669 89.782334
601.130611 89.765023
599.450471 89.786472
600.207562 89.852706
600.989785 89.842307
601.315735 89.820355
600.929223 89.803191
601.120804 89.675181
600.362448 89.797330
600.889784 89.801949
600.591375 89.689640
600.398544 89.753062
601.379873 89.757354
599.834565 89.743463
600.332860 89.709745
599.464622 89.812152
599.795320 89.817865
601.359700 89.856070
600.732044 89.813786
601.353445 89.842458
600.501511 89.721546
600.026978 89.731992
600.469928 89.691046
599.411603 89.688379
600.466443 89.693915
600.616586 89.754296
600.268852 89.705732
600.819880 89.742236
600.184973 89.743607
600.769622 89.808571
601.013095 89.854763
600.816362 89.803934
600.317966 89.676733
601.333134 89.732993
599.579176 89.701734
601.151151 89.683845
600.507688 89.699748
599.659586 89.803870
600.127197 89.701990
601.347506 89.859536
600.636061 89.845061
601.321296 89.718450
600.735000 89.711404
601.042252 89.739676
599.638289 89.723469
600.930238 89.803111
600.663162 89.821411
600.714884 89.857508
600.486370 89.783967
601.331419 89.747479
601.270572 89.841060
600.020130 89.763986
601.377418 89.817283
600.636267 89.845601
601.240423 89.782751
600.648701 89.709988
600.314418 89.711396
600.468728 89.872093
601.379523 89.841654
600.657612 89.731258
601.070642 89.819145
600.099613 89.817459
600.745628 89.843816
600.614163 89.695753
599.613956 89.796177
600.038574 89.824457
599.489514 89.749963
600.975594 89.852969
600.257791 89.820033
601.247159 89.843210
601.290449 89.738723
599.825978 89.713427
600.859383 89.695720
600.173518 89.872020
600.701432 89.768167
600.133965 89.785552
599.767278 89.845934
599.439831 89.708148
600.709287 89.751652
600.781977 89.857056
600.346438 89.709841
599.861637 89.685372
600.722395 89.796952
601.088664 89.808159
600.282132 89.764841
601.068648 89.851482
600.592389 89.708623
601.019487 89.774743
601.136861 89.701974
599.856198 89.762029
600.610351 89.776872
599.615682 89.693890
600.392712 89.769054
599.570088 89.759180
599.837920 89.742621
600.450175 89.830946
600.184310 89.838048
600.994470 89.702501
601.138191 89.745784
600.514853 89.752379
599.914525 89.814244
601.303554 89.707798
600.650873 89.742632
599.598050 89.820080
599.393693 89.708029
599.806802 89.743577
600.302144 89.797563
599.745026 89.755833
599.826207 89.677365
599.812982 89.704316
600.418264 89.700148
600.721796 89.833836
600.400776 89.868658
599.734341 89.822048
600.034491 89.716127
600.025802 89.744748
600.914806 89.779419
599.516651 89.826679
600.971262 89.820405
599.837855 89.808617
600.183340 89.838097
601.214572 89.813117
600.927733 89.693062
599.515721 89.868524
600.202196 89.866136
600.539684 89.770583
599.708811 89.749894
600.879080 89.693961
599.854889 89.762367
599.595183 89.801284
600.714028 89.751129
601.215699 89.799800
601.014728 89.712794
599.942993 89.739965
599.561527 89.710708
600.292040 89.871791
601.200117 89.771948
599.484524 89.706287
599.519465 89.680217
600.644437 89.810720
599.822994 89.832455
599.471185 89.688853
600.658031 89.805917
600.004127 89.731579
599.788803 89.756166
601.195140 89.762998
601.303310 89.723373
600.070195 89.755008
600.935500 89.732157
599.940485 89.806056
601.323988 89.706177
599.848890 89.772970
599.975563 89.716665
600.728152 89.692165
600.236080 89.817318
600.855760 89.696864
600.657287 89.844897
599.496835 89.744733
599.425061 89.836133
599.732005 89.776139
600.207933 89.865922
600.260573 89.748191
600.393290 89.862975
600.359163 89.864261
599.702226 89.755965
600.007452 89.745454
600.142610 89.684128
601.035602 89.779919
599.704683 89.775507
599.864680 89.838924
600.006246 89.692015
601.064175 89.789280
601.305786 89.829750
600.057189 89.700631
600.700033 89.869449
599.578924 89.780687
599.568562 89.809304
600.007283 89.871410
600.364796 89.808537
600.717265 89.684231
599.888479 89.808115
600.123824 89.791791
600.236490 89.683000
600.157793 89.844784
599.712948 89.729667
601.171797 89.842629
600.795469 89.790183
600.332661 89.819880
599.733578 89.716343
600.841994 89.751761
601.186388 89.740907
600.694697 89.741001
600.798885 89.738814
600.601944 89.796536
600.975563 89.729996
599.750879 89.689605
600.361250 89.836271
600.183688 89.835264
600.568705 89.704285
600.531326 89.689768
600.643334 89.735250
600.212239 89.854726
600.564700 89.689958
601.278389 89.798090
600.908210 89.829338
600.675249 89.690079
600.384493 89.714252
600.688946 89.783163
599.487296 89.848303
601.248875 89.733683
599.526084 89.853119
600.086096 89.845687
600.001564 89.749777
601.302043 89.715315
599.417068 89.787551
600.699992 89.865138
600.939084 89.758697
600.186739 89.824396
600.080806 89.862881
599.508478 89.856394
600.721534 89.744690
600.381668 89.768715
600.631242 89.721118
600.824467 89.745045
599.545122 89.808765
599.762611 89.717373
601.140845 89.843422
600.559493 89.737433
600.074082 89.738904
601.370716 89.849178
599.861677 89.706517
599.895593 89.685995
599.550061 89.830285
600.369955 89.717352
600.344586 89.751421
600.273008 89.728701
601.262686 89.776342
600.929642 89.807421
600.286214 89.726163
600.564879 89.773376
601.131545 89.831933
600.803830 89.784907
600.908926 89.822247
599.606325 89.757672
599.512141 89.751284
600.888052 89.854392
600.296762 89.786371
600.006477 89.723012
600.590647 89.761417
600.978322 89.686194
600.363876 89.819650
600.931211 89.684314
600.010648 89.733325
600.075646 89.719106
600.228551 89.774254
599.632027 89.796310
600.904219 89.818574
599.579948 89.734365
599.683378 89.799163
600.123446 89.868588
599.549423 89.780950
600.349683 89.721637
600.717057 89.749703
600.735686 89.812678
600.097333 89.788161
601.183717 89.827669
599.445924 89.735120
600.070589 89.809680
601.349846 89.760805
601.316820 89.821951
601.008173 89.785040
599.852179 89.749312
600.760089 89.816491
601.233014 89.840511
599.946929 89.857010
599.553865 89.788964
601.230044 89.760471
599.725945 89.805426
599.829712 89.733232
600.207605 89.799501
600.601840 89.789238
600.543439 89.831115
600.395960 89.866926
600.259857 89.865071
599.644927 89.702895
600.712974 89.680094
599.479940 89.677175
601.074054 89.874316
600.893130 89.805642
600.922812 89.723721
600.937634 89.785211
600.870601 89.805741
599.583580 89.872360
601.125044 89.797287
599.708248 89.832246
599.519021 89.680940
600.638973 89.677927
601.145318 89.722708
600.230766 89.750668
600.409681 89.830810
601.101221 89.747865
599.784658 89.740971
600.446284 89.686004
600.206528 89.829550
600.021802 89.810771
599.891653 89.675271
600.850023 89.688526
599.996716 89.855848
600.897745 89.687968
600.429921 89.698394
599.830895 89.871243
599.847966 89.737740
599.654156 89.758798
600.137280 89.852670
600.962101 89.867626
600.500400 89.809584
600.814901 89.775609
601.026079 89.688141
599.509127 89.756607
601.387873 89.694298
600.023704 89.860129
599.396721 89.812008
599.771050 89.782610
600.215207 89.779381
600.284582 89.839836
600.215000 89.843939
600.498585 89.767375
600.465690 89.708078
599.397145 89.680451
599.897631 89.834908
601.316831 89.837179
600.234395 89.749245
600.659940 89.747588
599.606903 89.824196
600.816771 89.849816
600.332342 89.710746
600.789939 89.717364
600.515465 89.764792
599.417261 89.736943
599.449216 89.855707
599.593305 89.863211
601.142853 89.748755
600.649281 89.810985
599.798101 89.814559
600.174566 89.782505
600.804304 89.708416
600.248438 89.860798
600.856866 89.840725
600.268875 89.834482
600.404752 89.729026
599.479497 89.722426
601.229353 89.687250
599.440542 89.753478
599.474500 89.808770
599.587059 89.874827
600.422930 89.845405
600.759506 89.840625
600.203676 89.743378
600.691564 89.864161
601.295154 89.863728
601.246466 89.871765
599.442132 89.727940
599.884719 89.868237
601.154278 89.822639
599.602774 89.680487
599.401342 89.805542
600.804885 89.837450
599.903193 89.731296
601.011700 89.788112
601.298303 89.743805
599.827405 89.702320
599.818784 89.788201
600.693847 89.863822
599.750607 89.853692
601.377342 89.819891
599.503947 89.740048
600.618173 89.703510
600.039840 89.753280
600.510638 89.682643
599.743677 89.872800
601.106256 89.778338
600.228253 89.816302
600.511756 89.795247
601.114879 89.684347
600.669400 89.707504
601.306818 89.790134
601.238214 89.812137
599.497524 89.703999
601.042428 89.767723
600.799711 89.694325
601.226715 89.717405
601.040673 89.730902
600.925476 89.833472
600.957226 89.679566
600.625792 89.747842
601.296362 89.828486
599.639809 89.782871
601.383363 89.781911
599.741346 89.700523
600.787341 89.827699
599.726333 89.787349
600.375315 89.837805
601.086493 89.693539
599.403990 89.796883
599.735869 89.684088
599.601806 89.706698
600.022921 89.840540
600.914387 89.788043
601.339365 89.821170
599.429171 89.812361
600.245986 89.752567
599.586414 89.795692
600.003956 89.834003
601.263784 89.750423
600.013451 89.815543
600.246366 89.811655
599.770494 89.801800
599.991910 89.748214
599.460332 89.834740
600.193134 89.858159
600.300660 89.705670
601.308093 89.809028
599.970790 89.702838
600.387693 89.675948
600.532209 89.821431
600.443586 89.842731
601.071694 89.821231
599.875250 89.753065
599.455624 89.720236
600.243761 89.784855
600.815376 89.724422
601.200773 89.853543
599.919702 89.803981
600.228223 89.815129
599.962128 89.802802
599.952571 89.675835
601.222090 89.781259
601.201884 89.729866
599.565399 89.857617
600.349588 89.764373
600.019192 89.814969
600.185734 89.835199
600.075975 89.735228
600.470129 89.843368
600.545918 89.755689
600.744827 89.708754
601.144120 89.824664
599.514275 89.743858
599.883668 89.712728
601.292636 89.791958
599.938512 89.847091
600.124375 89.825533
599.709545 89.707566
600.483345 89.795948
599.466299 89.873264
600.592612 89.777345
600.153216 89.860898
601.104114 89.744054
600.952851 89.851073
601.303216 89.841788
600.367278 89.701446
599.856968 89.847909
601.259648 89.740411
600.425076 89.775816
600.762522 89.810199
599.571287 89.784832
599.892218 89.837849
601.219646 89.833494
600.271658 89.742560
599.511063 89.866851
601.062173 89.787275
600.738155 89.856913
599.768850 89.794988
600.078861 89.761531
601.383246 89.744629
600.755295 89.821713
600.468593 89.750267
599.785783 89.762667
601.339882 89.716192
600.843312 89.710317
600.012380 89.754119
600.615590 89.861793
599.392303 89.742691
600.931145 89.856449
600.907532 89.694386
600.954794 89.778995
599.571033 89.836143
600.493515 89.751340
600.201064 89.741724
600.854129 89.790126
599.790842 89.688437
600.450052 89.813639
600.510746 89.813528
600.839464 89.847150
601.056395 89.776110
601.216323 89.689532
601.092537 89.842804
599.954043 89.739921
600.672451 89.856808
601.372994 89.800344
599.812875 89.785442
601.190240 89.713733
600.070580 89.784427
600.322765 89.769567
600.130128 89.745587
601.005828 89.714553
600.996348 89.792641
600.918103 89.820459
601.372153 89.689244
600.349051 89.782075
600.342430 89.807537
600.724732 89.677242
600.442056 89.725527
600.049572 89.715781
600.844403 89.818117
599.954978 89.837972
599.722083 89.840967
599.482958 89.730390
601.120993 89.704281
599.526104 89.762063
600.591843 89.786579
599.986128 89.822891
601.332431 89.685307
599.397152 89.719003
599.410687 89.777389
601.133524 89.782026
599.904309 89.740221
599.641531 89.723250
600.155139 89.819936
600.716733 89.707755
600.617717 89.858830
599.658321 89.787825
601.045328 89.874040
600.084496 89.800962
600.637291 89.786631
600.357242 89.814877
600.432846 89.873650
601.046618 89.814188
599.900561 89.758721
599.987075 89.713967
599.685519 89.851355
600.074962 89.724309
599.985232 89.753876
601.312957 89.835870
600.728126 89.746333
600.954682 89.859518
599.428311 89.833548
599.422983 89.752825
600.893533 89.771308
599.963828 89.822926
601.160118 89.764966
600.951686 89.812465
599.443224 89.813062
599.496995 89.792787
601.368823 89.812886
601.079076 89.676083
600.489011 89.765856
600.864826 89.698391
601.183368 89.710187
600.535138 89.690831
600.333465 89.700733
600.683868 89.794869
600.193644 89.692596
601.123516 89.866466
600.587412 89.755758
599.550131 89.816145
600.299411 89.718563
600.734691 89.855847
600.506125 89.869084
600.038709 89.852582
600.990209 89.768867
600.134776 89.800180
600.176582 89.705622
599.985598 89.796325
600.245752 89.824945
599.934796 89.806234
601.232220 89.814453
600.788685 89.870255
601.037261 89.702716
600.077593 89.703592
600.847609 89.695710
600.971909 89.682066
600.560770 89.828987
599.752749 89.802811
600.386442 89.725365
599.725790 89.796005
601.196217 89.821821
599.805600 89.687528
600.252973 89.687295
600.194993 89.677309
599.864793 89.837777
600.355950 89.746869
599.651588 89.754876
599.390151 89.849064
600.802748 89.779524
601.130325 89.829275
601.027346 89.740497
600.737920 89.716782
600.297462 89.828788
600.015965 89.865083
600.244293 89.676147
600.663552 89.763156
599.534929 89.822924
599.724540 89.839875
599.629805 89.818973
599.690538 89.713556
601.011239 89.679188
600.882034 89.719190
599.767921 89.775309
599.558043 89.854703
601.117841 89.703236
601.352197 89.729234
599.756174 89.851656
600.412377 89.805410
599.841708 89.817842
599.740696 89.840287
599.662203 89.689689
601.007282 89.864829
600.292591 89.872996
599.732762 89.693191
599.978896 89.826234
600.211027 89.687120
599.598486 89.753654
599.804733 89.707666
600.269208 89.874761
600.886939 89.788510
600.528184 89.699853
601.254208 89.806918
601.035366 89.825693
599.933851 89.817259
600.914806 89.846968
600.948029 89.711390
600.633032 89.741797
599.517863 89.789603
600.179170 89.680983
600.660188 89.742010
600.759980 89.697757
600.798400 89.815826
599.575326 89.776323
600.975210 89.869736
601.049072 89.814432
599.466611 89.718168
600.042977 89.706755
600.547781 89.734152
600.426917 89.710784
600.514709 89.702905
601.371695 89.675693
600.839088 89.868196
601.085290 89.778980
599.611805 89.818216
599.821236 89.840821
599.926903 89.825575
601.225808 89.704318
600.016385 89.683278
599.419379 89.767955
599.577529 89.779570
599.610147 89.870130
601.132040 89.726772
600.607449 89.796174
600.185793 89.870123
600.614148 89.863550
600.010349 89.770822
601.237317 89.793648
600.529064 89.743037
600.952707 89.858682
600.454146 89.729165
600.161522 89.694780
600.883931 89.830881
600.917880 89.712874
599.984672 89.699199
599.967467 89.742684
600.510335 89.762341
599.408867 89.683437
600.715853 89.843809
600.555332 89.764004
601.329986 89.701558
599.600661 89.775462
600.970916 89.730580
599.990058 89.782750
601.048304 89.716025
599.612490 89.846397
599.510147 89.874848
600.511880 89.872666
600.920459 89.733503
600.001161 89.821876
600.736343 89.856253
601.306291 89.723044
600.739741 89.770535
599.485714 89.741104
600.443247 89.745025
600.058218 89.828870
599.779710 89.774343
600.521430 89.733093
600.278962 89.823899
601.239089 89.757079
600.041006 89.757297
600.322085 89.780376
600.741867 89.788702
599.859694 89.675607
600.859453 89.716486
601.120271 89.867792
600.481597 89.762304
600.927724 89.845947
600.035298 89.804086
600.368545 89.735958
600.198904 89.773678
599.836691 89.737859
600.750502 89.708471
600.067847 89.757486
601.351333 89.707510
601.161494 89.706816
600.714496 89.789013
599.801932 89.846586
600.173286 89.688774
600.116602 89.865346
599.992798 89.823478
600.007687 89.802264
600.305721 89.830471
599.578515 89.800191
601.231857 89.868714
600.135688 89.687500
600.749619 89.725865
600.811633 89.850029
600.361328 89.797397
599.432270 89.816536
600.204805 89.760628
600.157778 89.762717
600.829771 89.844530
599.923465 89.866960
599.786245 89.793616
599.729467 89.680693
600.544524 89.864119
599.815416 89.748884
600.371851 89.761362
600.771108 89.725472
600.716168 89.698229
600.722178 89.715697
599.779922 89.864852
600.584479 89.681861
600.560738 89.808795
600.116745 89.703295
599.812922 89.767218
599.906149 89.726956
600.499901 89.704818
600.400420 89.685268
599.793913 89.848291
600.913950 89.849355
600.321249 89.863560
600.452340 89.678362
600.025047 89.700720
600.397069 89.817367
601.023451 89.682656
599.876967 89.684829
600.046956 89.837689
600.809806 89.863258
601.301357 89.818988
601.048551 89.739480
599.584654 89.804502
601.189173 89.716299
600.452625 89.737431
600.023333 89.790613
600.070805 89.748214
600.339198 89.836643
600.365678 89.725234
600.549836 89.727404
600.016554 89.683754
600.773677 89.806440
600.615423 89.869665
600.122397 89.761849
600.658467 89.790608
600.465089 89.812012
600.938166 89.851712
601.121558 89.685595
600.404624 89.725257
600.767619 89.873359
600.158246 89.803385
600.091832 89.705704
601.186783 89.757239
600.224725 89.770539
600.480290 89.681559
601.024876 89.763021
600.136541 89.868874
600.104944 89.707267
600.599218 89.787431
601.219724 89.758624
599.646126 89.833518
601.200270 89.837309
600.053817 89.728416
600.127469 89.781258
600.760765 89.746606
600.265436 89.742154
601.139736 89.740094
600.028867 89.688876
599.731850 89.839280
599.491009 89.834975
600.954128 89.873195
600.788237 89.820006
600.216593 89.795589
601.016684 89.796336
601.080302 89.708439
601.089986 89.738990
599.889310 89.871922
601.104997 89.868769
599.772099 89.865470
600.057127 89.783693
599.783497 89.803212
601.338822 89.831182
599.967660 89.765116
599.650104 89.727133
601.183029 89.680613
599.912065 89.872128
600.031246 89.777799
601.320053 89.852012
601.236240 89.753335
600.922558 89.846497
600.329143 89.688839
600.155684 89.736921
600.920638 89.833531
601.314757 89.742227
600.374981 89.777740
599.666100 89.681797
599.870114 89.825564
600.036955 89.723039
600.217110 89.710412
599.535819 89.747386
601.351614 89.838032
601.336008 89.687900
600.420555 89.715943
600.475819 89.776058
600.538062 89.696545
599.640920 89.748270
600.804931 89.816564
600.898490 89.734030
599.840266 89.710369
599.777110 89.824145
599.788490 89.748958
600.926487 89.798684
600.483086 89.774788
600.308347 89.805871
600.806630 89.734194
599.521333 89.756065
600.203308 89.727153
600.644203 89.784246
600.370739 89.689158
600.487914 89.747413
600.470762 89.764145
601.307024 89.714459
600.046466 89.834834
601.360317 89.722266
600.254466 89.744057
600.120009 89.728034
599.614837 89.741718
601.148141 89.732153
600.495035 89.746703
600.091698 89.739225
601.271834 89.830109
601.053527 89.689194
600.359028 89.740227
600.053889 89.858607
600.939343 89.818062
599.561962 89.829079
600.892249 89.739642
600.092508 89.734164
599.715283 89.729441
601.350621 89.758150
599.547736 89.856564
600.280369 89.688739
600.990584 89.769836
601.136012 89.725154
600.760152 89.837465
599.428700 89.732334
599.738190 89.738256
600.010686 89.768725
601.011782 89.776297
600.270410 89.709244
600.983753 89.769350
599.773867 89.803879
600.293980 89.731412
600.984465 89.746148
601.389312 89.772264
600.249832 89.873492
599.604545 89.708261
599.839159 89.717273
600.642231 89.844437
600.684969 89.745880
599.525616 89.856235
599.911934 89.863846
599.875173 89.782202
601.299481 89.706494
601.060067 89.851885
600.846368 89.812022
600.177311 89.739406
599.414205 89.676248
599.874417 89.819888
599.481462 89.792683
600.956243 89.749074
601.359752 89.866240
601.028965 89.834807
599.950775 89.786326
599.698504 89.796942
599.714385 89.725216
600.221768 89.842785
600.331809 89.782366
600.630402 89.856254
600.871199 89.807732
600.639265 89.845648
600.755950 89.818655
599.749243 89.806482
599.645485 89.821294
599.838626 89.753058
601.353552 89.734597
601.357985 89.738121
599.633686 89.788538
600.126804 89.757692
600.934667 89.717969
600.814217 89.690025
600.792539 89.767639
600.722195 89.827441
600.299011 89.853363
601.115179 89.856014
600.767723 89.712372
600.362374 89.701604
599.428515 89.809569
600.950256 89.771255
600.683478 89.703004
600.869448 89.706155
600.223887 89.731019
600.702442 89.873045
601.004597 89.773422
601.341006 89.764891
600.837122 89.735651
599.626784 89.869963
600.707077 89.790619
601.229467 89.859029
601.244737 89.694831
599.450873 89.796638
600.762320 89.764237
599.805394 89.715237
599.662973 89.715307
601.376737 89.690919
601.353565 89.869016
599.966586 89.767217
600.340313 89.774452
601.258145 89.828892
601.155409 89.676945
601.248457 89.862895
600.066336 89.806088
601.132463 89.747473
599.896513 89.713846
600.851435 89.788104
600.585877 89.753271
599.849315 89.686675
601.126560 89.823755
600.632868 89.676153
600.707587 89.694989
600.914527 89.830899
599.407337 89.684679
600.113056 89.774074
600.673253 89.721209
599.820764 89.869116
601.284607 89.810216
599.790117 89.748854
